439|9|2|0|0|1.08|3906.62
447|40|2|0|1|0.4694|2309.71
523|32|2|0|1|0.6478|1407.79
702|59|2|0|1|1.1331|4613.61
797|59|1|0|1|7.5143|19489.16
797|68|1|0|0|2.3854|7602.01
812|68|1|0|0|0.5741|3717.93
917|59|1|0|1|1.2795|3296.49
966|32|2|0|1|0.6647|1077.81
1022|17|2|0|1|0.4694|3445.67
1133|17|2|0|1|0.0969|166.72
1142|59|1|0|1|0.85|923.1
1190|59|2|0|1|2.4615|14346.57
1270|9|2|0|0|2.48|11306.21
1270|94|2|0|0|0.37|1220.51
1554|32|2|0|1|0.0646|164.31
1592|32|2|0|1|3.6637|6656.83
1777|59|1|0|1|0.2944|438.01
2083|15|2|0|1|2.7954|8479.15
2083|26|2|0|1|8.089|22059.48
2083|52|2|0|1|3.3068|11166.67
2083|59|1|0|1|7.944|8862.71
2360|59|2|0|1|6.2374|21907.48
2486|68|1|0|0|1.3553|8068.83
2584|52|1|0|1|0.9767|3574.92
2716|26|2|0|1|3.757|22102.43
2821|59|2|0|1|3.1242|15995.78
2874|87|1|0|0|0.12|621.95
2891|59|1|0|1|0.4741|4343.61
2913|52|2|0|1|1.331|6094.46
2916|17|1|0|1|3.728|4821.95
2916|32|2|0|1|2.26|6941.52
2916|59|2|0|1|1.26|7429.93
3014|17|1|0|1|0.4181|548.48
3032|59|1|0|1|0.2199|680.15
3091|81|1|0|1|3.91|21613.33
3316|68|1|0|0|0.6748|1247.33
3494|59|1|0|1|0.2232|717.46
3555|59|1|0|1|2.45|4551.08
3643|40|2|0|1|1.2752|8176.97
3710|59|1|0|1|0.5372|1388.39
3931|17|1|0|1|1.2231|4008.48
4024|15|2|0|1|0.6622|2978.38
4024|32|2|0|1|21.11|57553.87
4024|40|2|0|1|18.1746|38779.75
4024|52|2|0|1|8.0726|24274.07
4024|59|2|0|1|0.0|14976.03
4024|81|2|0|1|13.86|39405.27
4024|87|2|0|0|11.9238|46808.24
4052|17|2|0|1|4.68|15437.91
4377|9|2|0|0|1.781|6236.05
4926|32|2|0|1|1.18|5484.33
4990|15|2|0|1|1.5077|12491.84
5062|9|2|0|0|0.0267|80.29
5062|59|2|0|1|0.0531|201.32
5142|17|2|0|1|0.3247|1936.63
5142|52|2|0|1|0.7263|3541.34
5142|59|2|0|1|0.5946|1939.01
5377|40|2|0|1|1.6499|6001.96
5380|40|2|0|1|1.28|7343.13
5462|81|1|0|1|0.4257|1415.63
5498|15|2|0|1|1.1028|6327.01
5498|23|2|0|1|0.91|5460.9
5548|59|2|0|1|0.2809|2833.96
5638|59|1|0|1|0.49|913.44
5696|59|1|0|1|7.62|8822.06
5760|40|2|0|1|1.1759|7833.63
5844|26|2|0|1|1.81|11324.35
5897|15|2|0|1|2.1251|12264.47
6132|52|2|0|1|0.11|288.63
6307|17|1|0|1|1.176|5788.78
6454|94|2|0|0|4.7932|18118.72
6732|59|1|0|1|0.1649|471.87
6950|59|2|0|1|0.0304|228.18
7104|9|2|0|0|0.5047|3403.55
8269|32|2|0|1|1.54|14137.2
8623|26|2|0|1|0.57|3231.17
8690|43|2|0|0|0.5042|3046.46
8954|32|2|0|1|0.76|3667.24
8982|17|2|0|1|0.6629|3752.7
8986|59|2|0|1|0.3962|1488.41
9006|59|2|0|1|1.43|5060.68
9086|26|2|0|1|0.78|3886.54
9086|52|2|0|1|0.78|4029.16
9158|9|2|0|0|2.06|7560.69
9209|59|2|0|1|0.6762|2152.31
9270|15|2|0|1|3.3018|19926.76
9270|94|2|0|0|1.1171|4854.36
9474|68|1|0|0|0.146|395.4
9594|59|1|0|1|0.1325|776.42
9609|17|1|0|1|0.8|2398.1
9613|55|2|0|1|2.36|9508.53
9925|26|2|0|1|4.8852|20429.04
9944|17|2|0|1|1.911|11117.7
9944|32|2|0|1|0.9|4266.03
10091|87|1|0|0|0.5145|3779.15
10117|59|2|0|1|0.406|3639.78
10133|17|2|0|1|0.9137|3864.01
10376|9|2|0|0|9.8|37629.93
10376|59|2|0|1|10.31|42079.22
10547|15|2|0|1|1.4118|4374.94
10999|32|2|0|1|0.73|1719.63
11208|40|2|0|1|3.46|25209.23
11220|15|2|0|1|1.81|10710.27
11220|87|2|0|0|2.02|17075.33
11395|17|1|0|1|5.2841|17966.31
11395|59|1|0|1|4.567|10152.68
11395|59|2|0|1|4.567|20130.84
11536|32|2|0|1|1.26|5844.54
11559|17|1|0|1|0.43|2546.34
11587|9|2|0|0|7.9236|13007.98
11587|59|2|0|1|3.0067|8033.35
12086|87|1|0|0|3.1242|12521.76
12136|59|2|0|1|0.0238|220.47
12574|32|2|0|1|1.6552|9826.07
12592|59|1|0|1|0.0833|212.98
12622|17|2|0|1|1.31|4109.89
12869|87|2|0|0|3.9|17934.3
12869|94|2|0|0|3.0351|13498.69
12930|40|1|0|1|0.8749|2747.78
12970|17|1|0|1|0.5989|2907.75
13040|9|2|0|0|2.96|16736.81
13054|15|2|0|1|1.951|11509.99
13054|59|2|0|1|0.0|7680.2
13054|81|2|0|1|1.3815|5601.85
13154|15|2|0|1|2.67|9139.28
13199|68|1|0|0|0.212|1645.42
13303|32|2|0|1|0.8186|4558.2
13313|17|2|0|1|1.85|6508.36
13313|32|2|0|1|4.5686|19480.38
13333|94|2|0|0|1.4597|10301.23
13439|32|2|0|1|1.3984|3545.11
13450|17|1|0|1|1.17|2407.3
13488|15|1|0|1|0.163|278.29
13581|17|1|0|1|1.76|6970.76
13708|52|2|0|1|1.13|6949.64
13733|59|1|0|1|1.9584|4482.82
13751|52|2|0|1|4.83|28707.49
13822|59|2|0|1|0.42|2835.48
13847|87|1|0|0|0.9759|3739.31
13871|17|1|0|1|1.4984|3947.66
13871|32|2|0|1|1.0534|8415.8
13871|59|1|0|1|1.41|3654.49
13871|68|1|0|0|0.7219|5497.07
13981|68|1|0|0|4.51|14268.24
14470|17|2|0|1|2.7919|15719.04
14470|32|2|0|1|6.1315|43394.12
14470|59|2|0|1|0.7824|4132.36
14671|17|2|0|1|0.0342|103.68
14735|26|2|0|1|1.3853|5442.92
14843|43|2|0|0|2.73|16445.14
14843|62|2|0|0|9.6708|39483.21
14843|87|2|0|0|10.7223|49737.86
15071|81|2|0|1|1.61|8672.87
15217|23|2|0|1|2.3316|9737.52
15217|32|2|0|1|2.13|8106.05
15217|87|2|0|0|3.4566|21273.73
15228|81|2|0|1|0.7268|4063.24
15328|59|2|0|1|0.3999|1481.88
15443|87|1|0|0|0.37|2082.77
15770|32|2|0|1|0.3742|2039.13
16282|59|2|0|1|0.7494|4637.94
16355|17|2|0|1|0.03|102.29
16488|32|2|0|1|2.7417|16094.04
16613|94|2|0|0|2.71|12567.66
16692|15|2|0|1|0.7038|4797.13
16692|32|2|0|1|3.7134|16272.65
16692|59|2|0|1|0.0|4178.72
16864|32|2|0|1|13.5944|71961.91
16921|40|2|0|1|3.126|18798.42
16975|23|2|0|1|2.27|9619.77
17034|59|1|0|1|0.83|3167.91
17043|23|2|0|1|2.709|14838.13
17068|68|1|0|0|0.3|1888.49
17183|43|2|0|0|0.6839|4678.93
17321|9|1|0|0|0.6409|2687.13
17343|59|2|0|1|0.1866|1992.79
17378|17|1|0|1|0.15|354.88
17407|59|1|0|1|1.8279|5451.11
17413|81|1|0|1|0.5671|3913.55
17434|17|1|0|1|0.2711|418.06
17552|59|1|0|1|0.5619|2925.19
17552|68|1|0|0|0.7814|3038.78
17818|17|1|0|1|0.2068|593.97
17977|92|1|0|0|1.3546|13703.94
18082|32|2|0|1|2.6331|12370.89
18094|59|2|0|1|0.1364|924.45
18103|59|2|0|1|2.2225|6855.39
18139|52|2|0|1|1.5088|6604.43
18158|81|1|0|1|1.85|5233.26
18158|81|2|0|1|1.85|8246.56
18318|81|2|0|1|0.8953|5105.13
18372|32|2|0|1|0.706|9277.75
18408|59|2|0|1|0.502|1803.03
18410|32|2|0|1|1.03|3645.44
18438|59|2|0|1|4.3138|10704.71
18515|32|2|0|1|0.0799|328.72
18581|59|2|0|1|0.2045|1389.89
18632|52|1|0|1|8.0|1374.66
18632|52|2|0|1|8.0|23215.67
18976|32|2|0|1|2.08|14259.06
19067|32|2|0|1|0.19|1008.03
19067|59|1|0|1|0.525|1209.48
19067|68|1|0|0|0.0|7215.5
19179|15|2|0|1|1.956|13907.51
19272|81|1|1|1|1.88|3180.39
19515|32|2|0|1|5.0139|22117.38
19679|15|2|0|1|3.14|16952.31
19679|32|2|0|1|4.6865|26476.42
19679|52|2|0|1|2.6172|18307.18
19679|81|2|0|1|2.1638|16469.34
19740|17|2|0|1|1.32|4589.35
19740|32|2|0|1|0.39|2091.01
20041|40|2|0|1|2.919|22981.33
20041|59|2|0|1|9.8532|54243.75
20041|65|2|0|1|3.657|28202.59
20082|15|2|0|1|1.47|6405.31
20253|59|2|0|1|0.4484|2428.77
20693|4|2|1|1|7.175|13487.55
20693|15|2|1|1|5.75|22142.68
20693|26|2|1|1|1.32|6168.7
20693|52|2|1|1|3.23|8312.27
20881|17|1|0|1|0.7|2480.28
20934|59|1|0|1|2.79|2521.51
20943|32|2|0|1|1.41|4803.53
21119|17|1|0|1|0.259|413.41
21119|59|1|0|1|0.2074|292.15
21215|17|1|0|1|0.2345|1242.46
21394|52|2|0|1|0.342|2746.1
21481|52|2|0|1|0.2451|1947.74
21798|59|1|0|1|2.0239|4706.42
21807|59|1|0|1|1.0247|3677.98
22092|59|1|0|1|1.2258|3535.65
22294|17|1|0|1|0.4757|1516.95
22630|59|1|0|1|0.8301|3419.47
22639|40|2|0|1|0.2811|2343.46
22768|59|1|0|1|0.8675|3196.14
22879|17|1|0|1|1.65|9997.65
22879|87|1|0|0|1.67|11782.84
22976|32|2|0|1|1.8964|11107.81
23093|40|2|0|1|2.8415|16956.65
23093|52|1|0|1|1.1341|2246.57
23093|52|2|0|1|1.1341|4439.79
23421|17|1|0|1|0.83|1517.6
23530|32|2|0|1|0.0219|80.94
23630|17|1|0|1|1.5357|7036.42
23668|59|2|0|1|1.19|10603.37
23812|59|2|0|1|0.3129|2756.6
23846|59|2|0|1|1.2593|7473.88
23942|81|2|0|1|0.5728|3694.01
23974|59|1|0|1|0.5851|3326.43
23983|32|2|0|1|1.01|2117.77
24065|94|2|0|0|2.08|11824.32
24195|87|1|0|0|0.675|3239.94
24195|87|2|0|0|0.73|6582.64
24382|59|2|0|1|0.783|3398.23
24392|40|2|0|1|0.6393|4416.03
24404|32|2|0|1|9.3728|35488.51
24404|81|2|0|1|8.51|14244.11
24945|32|2|0|1|0.6863|3948.92
24951|17|1|0|1|0.9481|4292.64
25015|32|2|0|1|1.5964|10720.79
25026|9|2|0|0|2.409|7869.93
25104|23|2|0|1|2.2612|13929.41
25104|52|2|0|1|3.6197|26351.05
25104|59|2|0|1|3.4845|29448.53
25377|59|1|0|1|2.5375|3443.06
25422|59|1|0|1|1.8072|7164.96
25422|68|1|0|0|1.2775|4350.68
25627|26|2|0|1|0.6838|7545.72
25671|9|2|0|0|3.2396|8631.84
25671|15|2|0|1|2.8168|7720.12
25816|81|1|0|1|1.37|4846.41
25825|17|1|0|1|0.89|4113.24
25885|52|2|0|1|0.06|238.78
25887|68|1|0|0|1.39|2542.17
26094|17|1|0|1|0.28|2238.59
26390|17|1|0|1|0.5|1523.72
26539|15|2|0|1|2.38|10725.18
26725|68|1|0|0|0.15|862.46
26725|87|1|0|0|0.66|2168.18
26730|17|1|0|1|0.64|919.91
26807|17|2|0|1|0.5169|2267.44
26831|40|2|0|1|0.1712|962.02
26954|59|1|0|1|1.56|4919.61
26979|17|1|0|1|2.14|5393.98
26979|59|1|0|1|0.1756|1716.66
27129|59|1|0|1|0.6496|4101.04
27166|59|1|0|1|0.0817|3.97
27224|40|2|0|1|0.4102|2948.52
27515|32|2|0|1|0.0143|67.6
27546|32|2|0|1|0.6097|4510.33
27629|32|2|0|1|2.7648|15852.24
27761|59|1|0|1|0.975|4788.59
27819|17|1|0|1|9.4593|32298.16
27922|81|1|0|1|1.0517|3572.25
28134|59|1|0|1|1.8871|5123.92
28137|59|2|0|1|0.7|4290.21
28137|87|2|0|0|2.65|26202.52
28156|59|1|0|1|1.63|6820.86
28362|9|2|0|0|0.7653|3094.8
28410|17|2|0|1|5.1866|22517.97
28477|32|2|0|1|0.62|3123.54
28847|52|2|0|1|0.7292|4245.63
28861|17|1|0|1|1.081|3178.18
29262|23|2|0|1|1.4774|9172.02
29262|59|2|0|1|4.08|24457.06
29666|59|2|0|1|1.17|8749.0
29831|59|1|0|1|0.472|1141.13
30114|59|2|0|1|1.51|7146.02
30139|32|2|0|1|1.86|11124.17
30409|15|2|0|1|0.372|1749.58
30423|17|1|0|1|0.9478|4185.0
30628|81|1|0|1|3.1766|5984.87
30652|52|2|0|1|0.4784|2938.28
30771|9|2|0|0|2.68|13106.53
30936|59|1|0|1|0.4142|733.03
31012|68|1|0|0|3.22|7666.25
31153|32|2|0|1|0.0995|155.62
31551|59|1|0|1|0.95|3400.32
31565|68|1|0|0|2.99|9122.3
31622|59|2|0|1|0.4247|3085.9
31836|87|1|0|0|1.331|3400.63
31836|87|2|0|0|1.331|8230.0
31838|68|1|0|0|1.38|4992.25
31890|68|1|0|0|1.0427|4397.02
31899|17|1|0|1|1.34|5939.08
32006|94|2|0|0|0.2295|1052.28
32060|17|1|0|1|6.8092|28289.62
32060|81|1|0|1|4.8256|22678.21
32437|59|2|0|1|0.7072|3516.28
32572|32|2|0|1|0.0318|67.65
32660|17|1|0|1|1.1505|2644.73
32681|68|1|0|0|0.5732|3815.96
32730|59|2|0|1|1.2399|8833.69
32795|26|2|0|1|2.6343|15028.94
32795|32|2|0|1|5.12|38613.06
32795|59|2|0|1|3.84|24589.7
32896|94|2|0|0|1.5161|10244.79
32986|17|1|0|1|0.2093|718.92
32997|32|2|0|1|3.4711|24276.67
32997|40|2|0|1|2.63|14245.98
33084|59|1|0|1|0.3748|1397.4
33248|81|2|0|1|4.2851|34389.58
33428|59|2|0|1|2.94|17778.82
33453|32|2|0|1|1.32|9198.33
33486|17|2|0|1|8.51|53376.1
33486|55|2|0|1|4.2494|21614.3
34190|68|1|0|0|3.7789|13831.54
34244|32|2|0|1|5.19|16836.28
34315|59|1|0|1|0.4126|1824.39
34407|92|1|0|0|0.69|3478.24
34500|32|2|0|1|2.9517|5119.29
34512|59|1|0|1|4.8541|23629.28
34775|81|2|0|1|3.0631|18306.29
34853|59|2|0|1|0.4378|2331.0
34922|9|2|0|0|1.3416|7234.33
34977|4|2|1|1|1.23|5520.23
35052|87|2|0|0|1.3029|9959.13
35100|32|2|0|1|0.86|6865.86
35271|40|2|0|1|5.8772|30212.03
35284|59|1|0|1|0.8183|2989.38
35287|87|2|0|0|7.593|29100.39
35465|32|2|0|1|3.8165|16373.71
35689|68|1|0|0|0.5907|2750.38
35719|40|2|0|1|0.8782|10859.18
35819|52|2|0|1|0.4725|2213.02
35888|59|1|0|1|1.0572|1965.75
36088|59|2|0|1|1.9915|6816.81
36094|94|2|0|0|1.5479|5956.42
36122|59|1|0|1|0.9166|3655.39
36123|15|2|0|1|6.72|35139.4
36258|17|1|0|1|1.97|5801.37
36331|59|1|0|1|0.78|2846.79
36468|15|2|0|1|1.9141|15210.17
36535|17|1|0|1|1.6|5103.2
36535|59|1|0|1|1.6|3478.26
36708|40|2|0|1|0.5462|2928.02
36918|17|1|0|1|2.0733|5708.75
37005|81|1|0|1|3.74|17784.98
37371|32|2|0|1|1.1643|5019.04
37461|52|2|0|1|3.68|28252.65
37661|59|1|0|1|0.9008|7382.53
37826|17|2|0|1|10.1482|75678.2
37826|32|2|0|1|4.4695|16852.58
38025|59|1|0|1|3.94|20397.95
38272|17|1|0|1|1.4393|5437.43
38272|52|2|0|1|0.9413|7404.52
38272|71|1|0|1|1.06|1318.4
38272|81|1|0|1|2.95|8516.8
38272|87|1|0|0|1.63|5671.54
38443|17|1|0|1|1.1093|4663.04
38454|32|2|0|1|1.0169|3821.54
38481|81|1|0|1|1.1017|2328.71
38512|17|2|0|1|4.99|26807.46
38557|59|1|0|1|0.2297|943.32
38645|68|1|0|0|0.49|2646.08
38764|40|2|0|1|0.8051|5107.5
38795|40|2|0|1|2.18|6661.85
39040|81|2|0|1|2.5438|23966.33
39112|32|2|0|1|5.68|21717.65
39261|87|1|0|0|1.08|2631.69
39261|87|2|0|0|1.08|4219.72
39261|94|2|0|0|2.4291|11328.75
39276|17|2|0|1|0.3938|2126.01
39360|32|2|0|1|3.08|6094.05
39495|17|1|0|1|3.76|11910.75
39664|59|1|0|1|1.122|1833.37
39664|59|2|0|1|1.122|3405.6
39664|68|1|0|0|1.4329|4652.77
39939|87|2|0|0|0.6882|9382.04
39979|17|1|0|1|0.7419|3385.53
40200|71|1|0|1|1.774|2402.52
40204|17|2|0|1|0.2543|1019.09
40352|32|2|0|1|0.35|2390.11
40447|26|2|0|1|1.4783|9549.33
41027|32|2|0|1|1.877|7820.64
41398|17|2|0|1|0.9908|4849.4
41607|59|1|0|1|1.6562|4297.56
41607|81|1|0|1|0.46|2251.41
42164|17|2|0|1|0.6153|3513.3
42384|59|1|0|1|0.1236|950.15
42448|9|2|0|0|1.0209|3157.13
42483|32|2|0|1|0.2992|1972.47
42520|32|2|0|1|0.0418|248.79
42577|9|2|0|0|1.2|4386.39
42777|59|1|0|1|0.78|3125.06
42787|40|2|0|1|0.9728|6241.44
42915|40|1|0|1|0.2732|969.9
43077|9|2|0|0|0.5|2143.18
43129|59|1|0|1|0.6094|2513.05
43256|87|2|0|0|1.61|8127.72
43705|17|2|0|1|4.2676|12270.46
44150|9|2|0|0|4.314|25227.37
44150|32|2|0|1|1.04|6849.93
44150|59|1|0|1|1.45|14870.55
44150|81|2|0|1|0.8948|6165.5
44150|87|1|0|0|0.1|439.09
44155|59|2|0|1|0.034|236.86
44512|32|2|0|1|3.78|28752.87
44625|17|2|0|1|1.29|4543.15
44713|59|1|0|1|2.12|4848.06
44837|68|1|0|0|0.4|2292.94
45489|26|2|0|1|1.87|10470.57
45489|32|2|0|1|6.8|49062.61
45680|59|2|0|1|1.7696|10647.41
45742|9|2|0|0|0.9776|2902.94
45773|32|2|0|1|5.22|40068.32
45849|40|2|0|1|0.5089|1788.6
46130|59|2|0|1|0.1257|766.07
46499|32|2|0|1|0.2835|1596.14
46712|59|2|0|1|0.2765|1910.86
47033|59|1|0|1|1.0523|3712.7
47258|40|2|0|1|1.334|5280.44
47298|59|1|0|1|0.17|969.01
47465|59|2|0|1|1.0211|4320.14
47532|26|2|0|1|0.55|2256.05
47561|17|2|0|1|0.5797|3666.85
47829|17|1|0|1|1.31|1479.5
47829|17|2|0|1|1.31|7222.02
47829|92|1|0|0|1.3464|13601.36
47874|17|1|0|1|1.1386|3075.75
47874|59|1|0|1|0.8385|3059.65
47921|32|2|0|1|7.3735|42898.83
48223|17|2|0|1|1.464|7726.22
48410|68|1|0|0|1.12|6448.93
48410|68|2|0|0|1.12|3293.43
48410|81|1|0|1|1.2873|4476.61
48410|81|2|0|1|1.2873|4692.56
48410|87|2|0|0|0.2441|1110.49
48438|17|1|0|1|0.4449|1809.7
48453|17|1|0|1|2.0878|7508.89
48453|17|2|0|1|2.0878|3872.96
48461|84|2|0|0|2.2005|13583.7
48615|15|2|0|1|2.0116|14012.32
48615|81|2|0|1|1.8099|16643.91
48626|32|2|0|1|3.7503|22280.91
48652|17|1|0|1|0.57|2401.53
48652|59|1|0|1|1.24|2117.89
48720|59|2|0|1|0.2209|2381.75
48807|17|1|0|1|0.47|2081.43
48816|15|2|0|1|2.11|13186.0
48827|17|1|0|1|5.24|7624.77
48827|17|2|0|1|5.24|26983.65
48827|40|2|0|1|8.41|35852.27
48827|59|1|0|1|8.1338|9834.21
48827|59|2|0|1|8.1338|31816.37
48849|59|2|0|1|2.03|13261.98
48877|32|2|0|1|13.18|89978.06
48877|52|2|0|1|7.21|39812.46
48877|59|2|0|1|7.17|42689.27
48877|81|2|0|1|7.99|64612.74
48890|48|2|0|0|4.9765|13649.66
49034|59|1|0|1|1.1009|3108.0
49130|17|1|0|1|2.7138|5296.82
49305|9|2|0|0|3.1844|11501.74
49345|40|2|0|1|1.83|5267.11
49345|59|2|0|1|0.82|1747.43
49541|68|1|0|0|3.0|11780.73
49541|87|2|0|0|2.78|22577.88
49541|94|2|0|0|1.88|10838.33
49636|9|2|0|0|2.8601|8576.09
49636|17|2|0|1|12.2474|57726.37
49636|26|2|0|1|3.0178|9908.77
49636|52|2|0|1|6.9004|31118.74
49636|59|2|0|1|20.8122|85754.61
49636|81|2|0|1|0.44|3838.7
49672|32|2|0|1|1.1995|5958.01
49929|59|1|0|1|0.17|1285.74
50093|17|1|0|1|1.0286|5539.41
50343|87|1|0|0|3.4319|13102.58
50386|40|2|0|1|0.4262|2257.21
50441|59|1|0|1|1.01|3333.12
50486|59|2|0|1|2.4|10501.36
50528|4|2|1|1|21.598|49814.22
50528|52|2|1|1|2.85|5692.73
50647|40|2|0|1|0.5223|1949.3
50909|9|2|0|0|2.0004|11493.43
51031|8|2|0|0|2.09|5771.16
51311|59|1|0|1|0.3799|1048.13
51387|23|2|0|1|0.4422|1824.14
51766|52|1|0|1|0.6861|2652.01
51822|17|1|0|1|12.41|27801.78
51852|17|2|0|1|2.55|7300.05
52008|8|2|0|0|6.9|39137.11
52069|40|2|0|1|2.405|15504.0
52160|94|2|0|0|4.25|19364.78
52182|17|1|0|1|1.1038|2228.78
52311|87|2|0|0|0.2315|1223.69
52363|59|1|0|1|0.7608|3670.01
52441|17|2|0|1|0.271|1093.16
52475|59|1|0|1|1.7105|4726.85
52835|59|2|0|1|0.7394|2685.64
52973|43|2|0|0|1.362485|7866.94
53020|15|2|0|1|0.2942|1728.07
53135|40|2|0|1|0.2821|1918.82
53137|4|2|1|1|6.88|16837.6
53137|26|2|1|1|5.0644|13661.01
53298|59|2|0|1|2.2158|5189.76
53833|68|1|0|0|0.85|4723.6
53891|32|2|0|1|1.4798|5645.5
53975|17|2|0|1|2.34|8806.94
53975|32|2|0|1|0.3076|1920.3
54183|87|1|0|0|1.26|2961.08
54397|87|1|0|0|0.1|540.87
54915|15|2|0|1|2.06|13132.9
54960|68|1|0|0|1.57|6592.9
55225|32|2|0|1|2.3661|4132.69
55261|32|2|0|1|3.2715|9732.91
55281|26|2|0|1|0.31|1926.6
55370|17|1|0|1|0.843|1580.87
55497|59|1|0|1|6.7226|7861.03
55518|40|2|0|1|1.2247|5383.32
55611|81|1|0|1|0.89|7464.72
55618|32|2|0|1|0.4105|2320.54
55644|52|2|0|1|0.9483|7999.67
55693|52|2|0|1|0.4136|2512.03
55823|59|1|0|1|0.8921|3511.41
56446|17|1|0|1|0.5939|2371.38
56834|32|2|0|1|2.1421|11509.13
56863|17|2|0|1|1.5098|7768.78
56971|32|2|0|1|4.7086|31037.05
57052|17|1|0|1|1.83|4575.21
57052|59|1|0|1|5.8907|8899.7
57052|87|1|0|0|3.1|11604.14
57191|32|1|0|1|3.7255|10001.62
57191|32|2|0|1|3.7255|29117.57
57203|59|1|0|1|0.3092|1133.16
57254|32|2|0|1|1.4107|10515.09
57254|59|2|0|1|1.1054|5451.71
57397|59|2|0|1|1.0026|4173.94
57440|32|2|0|1|3.72|10569.52
57450|17|1|0|1|0.41|1130.32
58150|52|2|0|1|1.6289|8227.55
58378|81|1|0|1|0.7262|3468.84
58478|17|2|0|1|0.1844|2552.06
58567|17|2|0|1|2.6214|17289.2
58595|81|2|0|1|2.285|17134.56
58685|52|2|0|1|0.265|1818.05
58769|32|2|0|1|4.25|31345.08
58769|59|2|0|1|4.07|32704.79
58948|17|1|0|1|0.42|613.72
59027|15|2|0|1|0.4526|2414.44
59124|15|2|0|1|0.2991|1908.88
59146|59|2|0|1|1.7|10204.18
59317|15|2|0|1|0.8451|4877.8
59317|59|2|0|1|0.0|2703.98
59397|40|2|0|1|2.7|21268.9
59397|59|2|0|1|2.7857|18279.39
59516|59|1|0|1|0.5501|2964.22
59516|65|1|0|1|1.1399|4237.45
59544|59|2|0|1|2.52|12977.92
59598|32|1|0|1|0.079|583.34
59612|81|2|0|1|1.1326|6498.18
59757|9|2|0|0|0.417|1973.52
59892|9|2|0|0|3.5355|14015.26
59892|17|2|0|1|7.6771|49040.28
59939|9|2|0|0|2.54|9681.31
59939|17|1|0|1|10.86|37708.82
59939|17|2|0|1|10.86|40520.92
59939|52|2|0|1|3.5271|16502.66
60279|87|1|0|0|1.12|3752.18
60279|87|2|0|0|1.12|4693.37
60635|17|1|0|1|2.4754|16379.9
60667|40|2|0|1|0.6019|2735.64
60871|40|2|0|1|3.9349|13209.7
60871|59|2|0|1|4.61|17170.95
60871|81|1|0|1|6.09|11741.61
60871|81|2|0|1|6.09|16773.12
61062|9|2|0|0|2.32|8429.68
61062|84|2|0|0|0.9|8638.43
61062|94|2|0|0|2.0|9586.12
61076|23|2|0|1|0.8655|4112.51
61161|59|1|0|1|1.58|4899.46
61177|17|2|0|1|7.039|30985.13
61177|26|2|0|1|2.2924|16485.25
61177|32|2|0|1|5.1465|37316.56
61177|52|2|0|1|7.9425|38874.92
61370|15|2|0|1|0.9986|4565.29
61431|40|2|0|1|1.2584|4447.55
61478|32|2|0|1|2.49|4631.17
61497|15|2|0|1|1.8309|15067.87
61845|59|1|0|1|0.48|1660.98
61928|81|1|0|1|2.45|7050.1
62259|94|2|0|0|0.399|1560.01
62440|15|2|0|1|0.2342|1723.73
62521|59|1|0|1|0.0398|212.64
62521|87|2|0|0|0.0243|226.29
62580|59|1|0|1|0.56|2143.59
62606|26|2|0|1|0.49|3134.12
62629|23|2|0|1|1.76|9884.13
62629|81|1|0|1|5.0857|14743.01
62869|59|1|0|1|0.405|1592.01
62977|26|2|0|1|1.8474|8744.9
62977|52|2|0|1|4.8447|23194.97
62977|87|2|0|0|0.3939|4573.02
63133|59|1|0|1|1.7|4035.2
63133|68|1|0|0|1.48|5659.47
63133|68|2|0|0|0.13|584.42
63133|81|1|0|1|0.2245|1934.87
63133|81|2|0|1|0.2245|1202.8
63133|87|2|0|0|0.1229|728.91
63181|17|1|0|1|2.68|11234.74
63181|68|1|0|0|1.1|3805.32
63209|17|1|0|1|0.6366|1965.92
63209|17|2|0|1|0.6366|4233.14
63312|15|2|0|1|2.1223|15660.13
63365|59|1|0|1|4.41|11806.6
63510|59|1|0|1|0.1373|365.26
63812|40|1|0|1|1.0513|3370.58
63812|40|2|0|1|2.32|12967.37
63987|68|1|0|0|0.5128|3868.1
64042|59|1|0|1|4.03|21408.8
64329|59|2|0|1|0.8939|5208.34
64499|32|2|0|1|1.3996|10871.87
64722|81|1|0|1|0.63|2876.95
64738|52|1|0|1|0.44|2786.91
64738|52|2|0|1|0.44|3497.32
64845|59|1|0|1|0.81|1309.98
64845|59|2|0|1|0.81|5158.84
64919|59|2|0|1|1.4|7538.1
65256|87|2|0|0|0.8094|7095.42
65375|32|2|0|1|2.1694|13719.29
65838|59|1|0|1|1.3993|3647.76
65838|59|2|0|1|1.3993|6149.72
65920|81|1|0|1|0.17|1604.58
65935|9|2|0|0|0.57|2525.77
65991|15|2|0|1|1.935|19529.84
66010|59|2|0|1|0.7254|4641.93
66052|81|2|0|1|1.74|10592.79
66350|9|2|0|0|1.95|9302.17
66350|32|2|0|1|3.131|16484.93
66350|59|2|0|1|3.1037|17676.5
66451|59|1|0|1|4.6496|10239.69
66472|17|1|0|1|0.4659|2190.82
66708|40|2|0|1|0.6647|3843.67
66871|68|1|0|0|0.959|2486.62
66914|15|2|0|1|1.156|6575.97
67061|40|2|0|1|0.2568|1791.49
67186|32|2|0|1|3.2218|16298.57
67292|43|2|0|0|0.57|2660.82
67512|9|2|0|0|0.82|3223.18
67670|17|2|0|1|0.6158|3782.02
67739|9|2|0|0|4.9882|15320.46
67743|59|1|0|1|0.904|3717.65
67767|52|2|0|1|0.2785|3990.95
67872|15|2|0|1|4.43|16684.2
67923|23|2|0|1|3.2408|17512.96
67974|40|2|0|1|1.64|10430.2
68049|87|2|0|0|0.46|4801.2
68089|26|2|0|1|2.4|14426.06
68089|52|2|0|1|9.35|49468.33
68089|59|2|0|1|9.54|63064.44
68145|4|2|1|1|5.18|11659.64
68145|15|2|1|1|0.8455|3963.87
68145|26|2|1|1|1.7034|4134.21
68145|52|2|1|1|1.95|4850.43
68145|59|2|1|1|2.86|7275.16
68718|52|2|0|1|2.11|7428.74
68761|32|2|0|1|1.2254|8485.61
68807|17|1|0|1|0.5972|2932.88
68850|59|1|0|1|2.08|7332.22
68936|40|2|0|1|3.2633|10754.83
68971|43|2|0|0|3.8101|9750.69
68971|68|1|0|0|2.0857|4204.39
69003|59|1|0|1|3.561|14752.97
69033|40|2|0|1|0.4186|2346.22
69138|17|1|0|1|2.5|12971.72
69205|32|2|0|1|4.0997|14528.94
69387|87|1|0|0|0.5469|3510.44
69470|40|2|0|1|0.7886|5026.98
69552|59|1|0|1|2.51|5025.56
69552|59|2|0|1|2.51|7116.54
69552|65|2|0|1|1.02|6573.29
69576|23|2|0|1|0.9315|4962.96
69730|52|1|0|1|4.2266|17212.83
69730|52|2|0|1|4.2266|16618.45
69901|81|2|0|1|0.5058|2649.88
69939|40|2|0|1|0.3211|3199.58
70039|59|2|0|1|7.737|53450.41
70101|59|2|0|1|0.4804|3299.82
70111|9|2|0|0|1.67|7482.32
70112|17|1|0|1|0.62|599.57
70172|40|2|0|1|1.9222|11163.36
70224|17|2|0|1|0.0869|170.36
70378|9|2|0|0|2.45|2958.89
70407|17|1|0|1|0.9209|3627.53
70407|87|1|0|0|1.01|2746.69
70449|59|1|0|1|2.9|5924.15
70520|9|2|0|0|0.0346|144.47
70598|59|1|0|1|0.8341|3765.4
70598|92|1|0|0|2.2117|5110.09
70604|81|2|0|1|1.2361|8595.81
70620|59|1|0|1|0.85|1143.82
70658|40|2|0|1|0.2509|1910.41
70721|15|2|0|1|2.5909|17053.53
70754|59|2|0|1|2.8132|14585.91
71061|32|2|0|1|2.2081|5069.41
71260|26|2|0|1|1.1584|4449.93
71300|26|2|0|1|2.12|11662.86
71300|68|1|0|0|1.9039|7210.31
71300|84|1|0|0|1.9039|7894.16
71520|9|2|0|0|0.2912|1991.33
71533|59|2|0|1|1.2264|8080.16
71764|17|2|0|1|0.91|3505.26
71764|23|2|0|1|0.0622|225.62
71764|32|2|0|1|2.81|14805.09
71764|87|2|0|0|1.68|14633.24
71764|94|2|0|0|6.096|19643.75
71788|59|2|0|1|0.2962|1915.6
71833|94|2|0|0|1.0259|3873.63
71993|81|2|0|1|1.2817|13563.5
72027|4|2|1|1|2.76|5869.3
72124|32|2|0|1|0.9395|7974.81
72130|81|2|0|1|4.3341|17045.01
72175|59|1|0|1|0.43|1961.2
72252|17|1|0|1|0.42|534.11
72315|59|1|0|1|0.0965|268.65
72387|59|2|0|1|0.3881|2791.59
72495|17|2|0|1|3.29|19637.37
72495|40|2|0|1|2.86|16080.02
72583|59|1|0|1|0.8782|2453.76
72803|26|2|0|1|3.38|36113.83
72803|40|2|0|1|1.3463|9862.06
72803|59|2|0|1|2.5891|20779.42
72803|94|2|0|0|0.7963|5376.38
73332|32|2|0|1|0.6041|2158.45
73443|17|1|0|1|0.6416|2256.27
73443|17|2|0|1|0.6416|3523.38
73540|59|2|0|1|0.3201|2894.9
73580|59|1|0|1|0.6303|887.36
73893|40|2|0|1|1.1582|2883.61
74003|59|2|0|1|2.9465|13814.82
74004|52|2|0|1|0.3834|4427.36
74410|32|2|0|1|3.7392|16271.71
74427|17|2|0|1|1.57|8510.37
74473|59|2|0|1|1.7953|8478.82
74722|59|1|0|1|0.6768|2882.19
74812|17|1|0|1|0.28704|1269.61
74974|15|1|0|1|0.2961|984.03
75037|15|2|0|1|0.5665|2876.82
75065|59|1|0|1|1.66|1819.09
75075|17|2|0|1|0.74|5098.73
75171|17|2|0|1|1.73|8454.71
75379|40|2|0|1|0.42977|1346.16
75402|59|1|0|1|0.39|1651.04
75428|59|2|0|1|0.3355|2673.99
75464|81|1|0|1|1.2212|3211.37
75702|17|1|0|1|3.5176|7391.33
75832|87|2|0|0|0.121|742.96
76117|87|1|0|0|1.08|2226.41
76134|26|2|0|1|1.2068|7820.98
76361|59|2|0|1|0.4463|2767.5
76459|15|2|0|1|2.3918|17438.87
76459|17|1|0|1|0.9737|5218.99
76459|26|2|0|1|7.5446|76074.91
76459|52|2|0|1|8.5245|65861.8
76476|17|1|0|1|0.7054|2781.5
76588|32|2|0|1|6.8286|22524.02
76588|59|2|0|1|1.3303|11686.04
76698|17|1|0|1|0.5188|1550.5
76949|32|2|0|1|0.4293|1888.41
76977|81|2|0|1|0.9352|7368.4
77069|59|1|0|1|2.3254|5492.14
77330|81|2|0|1|1.76|13432.19
77440|59|1|0|1|0.47|3131.41
77527|52|2|0|1|1.12|7954.11
77614|59|2|0|1|0.4619|1435.24
77616|17|1|0|1|0.6166|1108.49
77661|32|2|0|1|1.289|4498.01
77844|59|2|0|1|1.0818|3798.16
77867|81|2|0|1|1.03|9463.43
77867|87|2|0|0|3.22|21988.53
77964|87|1|0|0|0.3064|1542.66
77984|15|2|0|1|0.6446|3593.25
77984|59|2|0|1|0.0|2709.77
77984|81|2|0|1|1.5893|5434.76
78210|59|2|0|1|5.6249|17090.22
78229|68|1|0|0|1.162|6908.48
78273|94|2|0|0|1.7842|11012.12
78281|94|2|0|0|3.82|23843.07
78460|81|2|0|1|4.536|27304.27
78565|8|2|0|0|1.057|2568.3
78846|15|2|0|1|0.6955|3941.28
78846|59|2|0|1|0.0|3111.3
78863|17|2|0|1|2.0094|7423.25
79247|32|2|0|1|3.4083|27887.34
79247|59|2|0|1|1.4779|13386.81
79253|17|1|0|1|0.0282|93.5
79550|15|2|0|1|2.5369|15886.67
79653|59|1|0|1|3.1556|10092.74
79722|52|2|0|1|0.3581|2806.03
79796|94|2|0|0|2.9977|16196.93
79903|23|2|0|1|1.016|6168.72
80170|32|2|0|1|2.1631|5603.37
80170|59|2|0|1|1.8688|6784.8
80461|59|1|0|1|0.4008|1261.73
80479|52|2|0|1|5.64|20240.68
80506|40|2|0|1|1.7935|6052.72
80600|52|1|0|1|0.8949|3285.33
80627|8|2|0|0|3.0|23274.65
80627|9|2|0|0|11.16|45884.26
80627|43|2|0|0|4.24|17035.03
80627|62|2|0|0|1.8|6485.63
80886|17|2|0|1|0.19|970.37
80942|17|2|0|1|3.9164|20743.12
81034|17|1|0|1|3.07|7885.44
81034|68|1|0|0|4.8904|11809.63
81034|92|1|0|0|3.51|6425.13
81093|17|1|0|1|0.7|3056.7
81554|32|2|0|1|0.4686|3281.13
81717|17|1|0|1|0.2624|1229.56
82023|43|2|0|0|6.5144|23161.0
82727|17|1|0|1|0.9814|2463.7
82928|15|2|0|1|3.785|18813.6
82939|68|1|0|0|0.76|3004.77
83256|59|2|0|1|2.2643|9670.24
83458|10|2|0|1|1.8125|11877.91
83458|26|2|0|1|1.0167|6011.83
83472|17|1|0|1|7.42|37899.36
83472|59|1|0|1|16.46|63541.74
83472|81|1|0|1|8.0|39611.52
84051|15|2|0|1|4.1|18377.83
84051|23|2|0|1|3.8|23973.78
84051|59|2|0|1|3.0|14254.39
84174|15|2|0|1|2.74|15109.02
84174|32|2|0|1|2.628|12107.36
84174|40|2|0|1|3.06|12336.3
84183|59|2|0|1|0.6629|3799.29
84287|59|1|0|1|0.3975|1022.84
84380|17|1|0|1|0.1183|316.78
84413|94|2|0|0|1.3638|9717.89
84482|81|1|0|1|4.9577|18858.78
84518|32|2|0|1|0.36|3541.17
84613|59|1|0|1|5.5066|18496.59
84613|81|1|0|1|1.1581|6526.16
84689|92|1|0|0|1.1398|10795.62
84804|17|2|0|1|1.66|7980.18
84804|32|2|0|1|17.1833|96211.44
84904|32|2|0|1|1.021|5335.99
84948|68|1|0|0|2.3375|6050.49
85001|15|2|0|1|0.7811|4371.94
85201|17|1|0|1|0.1584|387.8
85203|59|2|0|1|0.8159|3148.41
85407|59|1|0|1|0.5971|3108.37
85414|59|2|0|1|2.55|18728.24
85515|15|2|0|1|1.8689|14151.04
85546|23|2|0|1|7.1294|22610.79
85548|26|2|0|1|3.6318|24570.96
85548|32|2|0|1|1.61|9305.59
85548|40|2|0|1|1.03|3727.29
85756|59|1|0|1|3.3923|7044.89
85840|81|1|0|1|1.4|4049.84
85840|87|2|0|0|1.85|18405.62
85855|59|2|0|1|0.9497|5855.03
85924|52|2|0|1|0.42|2112.02
85950|9|2|0|0|2.17|9048.24
85950|94|2|0|0|0.66|2889.4
85952|87|2|0|0|0.5336|2773.97
85984|32|2|0|1|4.37|24020.89
85984|59|2|0|1|4.6|25939.04
86182|84|2|0|0|0.1759|1499.51
86229|59|2|0|1|0.1187|746.42
86237|17|1|0|1|0.1655|405.72
86267|52|2|0|1|0.44|1546.71
86271|40|2|0|1|0.6|2267.06
86271|59|1|0|1|1.001|2077.25
86271|59|2|0|1|1.001|2108.93
86271|87|2|0|0|1.4113|14152.03
86542|59|1|0|1|0.61|2719.17
86582|17|1|0|1|0.0|2406.91
86582|59|1|0|1|0.0|2971.76
86743|26|2|0|1|1.77|12642.24
86749|52|2|0|1|1.55|6672.74
86767|94|2|0|0|0.6348|6118.36
86901|52|2|0|1|1.27|6896.75
86916|40|2|0|1|4.6468|33860.6
87125|17|2|0|1|0.43|1983.02
87125|32|2|0|1|0.244|924.31
87201|59|1|0|1|0.416|4052.37
87207|59|2|0|1|0.33|2300.3
87293|32|2|0|1|2.7309|24855.94
87293|59|2|0|1|1.2014|11204.99
87434|15|2|0|1|2.43|12223.66
87539|59|2|0|1|0.322|2491.37
87552|9|2|0|0|0.77|2501.75
87664|59|1|0|1|2.09|1804.99
87873|32|2|0|1|1.3747|10116.87
87873|59|1|0|1|5.9563|16073.71
87873|59|2|0|1|5.9563|20547.78
87878|15|2|0|1|6.9837|28550.72
88023|9|2|0|0|0.2624|1650.73
88040|17|1|0|1|3.2779|13945.68
88040|92|1|0|0|0.5|2849.55
88205|87|1|0|0|0.5341|2651.82
88517|87|1|0|0|0.941|6913.22
88525|23|2|0|1|2.06|10234.5
88691|17|2|0|1|2.453|13793.64
88841|52|1|0|1|0.8096|2732.15
88928|40|2|0|1|4.5727|30738.04
88928|52|2|0|1|1.6099|9201.11
89417|23|2|0|1|2.9756|15067.26
89417|32|2|0|1|1.3|10682.38
89417|59|2|0|1|3.96|30289.17
89430|15|2|0|1|0.78|2499.95
89440|26|2|0|1|4.5|21721.55
89440|40|2|0|1|2.16|13108.75
89602|32|2|0|1|4.3488|12661.69
89768|52|2|0|1|2.5313|9381.44
89835|17|1|0|1|0.193|893.26
89842|17|1|0|1|0.2143|1108.95
90076|15|2|0|1|0.189|1816.57
90202|9|2|0|0|1.9441|6514.03
90227|17|1|0|1|1.66|2333.47
90537|59|2|0|1|0.469|3513.75
90597|59|1|0|1|1.93|5740.59
90901|59|2|0|1|7.236|28604.06
90980|9|2|0|0|0.6787|4214.01
91094|59|1|0|1|0.93|5709.75
91148|23|2|0|1|2.4211|15310.51
91148|32|2|0|1|1.58|10239.4
91178|59|1|0|1|0.279|1980.03
91179|9|2|0|0|2.0044|8353.18
91179|17|2|0|1|1.1188|6108.97
91249|40|2|0|1|1.42|10540.26
91435|59|1|0|1|0.0908|277.55
91517|59|2|0|1|0.1383|722.51
91543|40|2|0|1|0.2663|1646.65
91752|32|2|0|1|1.0168|4433.73
91794|23|2|0|1|0.7848|4078.59
91845|38|2|0|0|0.69|5804.58
91975|15|2|0|1|0.2627|1613.43
92013|87|2|0|0|5.1275|30124.84
92023|8|2|0|0|2.3639|9537.18
92027|59|1|0|1|0.43|2822.42
92099|40|2|0|1|0.8439|3429.93
92218|68|1|0|0|1.6952|4838.18
92218|94|2|0|0|2.11|8039.39
92490|32|2|0|1|0.9995|5673.16
92531|59|1|0|1|0.82|3576.97
92531|59|2|0|1|0.82|3098.34
92556|15|2|0|1|1.689|11567.32
92556|32|2|0|1|1.2623|7825.99
92583|17|1|0|1|1.56|3203.34
92583|43|2|0|0|2.287|13776.4
92583|68|1|0|0|1.8|5163.94
92583|84|2|0|0|1.28|5328.98
92583|87|1|0|0|2.0|5125.92
92853|17|1|0|1|0.5109|765.97
92933|17|1|0|1|0.2033|872.95
93168|59|1|0|1|1.23|4682.38
93182|40|2|0|1|0.7699|3747.38
93228|17|1|0|1|0.4673|2414.18
93417|59|2|0|1|1.4687|10915.63
93435|17|1|0|1|2.13|4335.02
93435|26|2|0|1|0.88|4601.38
93498|59|1|0|1|5.0336|39466.12
93510|92|1|0|0|0.08|148.89
93538|17|1|0|1|3.95|8161.27
93538|59|1|0|1|3.2279|7779.63
93922|59|2|0|1|3.1367|24252.81
93922|87|2|0|0|4.914|49853.58
93970|59|2|0|1|1.1155|3991.24
94033|52|2|0|1|2.0521|11905.11
94181|81|2|0|1|2.7883|21432.53
94181|84|2|0|0|0.5585|3590.65
94553|32|2|0|1|3.4|23547.89
94553|59|2|0|1|3.256|24801.18
94554|94|2|0|0|2.340479|14206.63
94589|59|2|0|1|0.2133|997.72
94886|32|2|0|1|3.5729|27786.39
94968|32|2|0|1|2.14|9870.16
95008|17|1|0|1|0.5394|3660.63
95011|15|2|0|1|0.1441|876.58
95018|59|2|0|1|0.4685|1423.66
95287|40|2|0|1|1.7539|10023.16
95311|15|2|0|1|0.79|3232.92
95319|32|2|0|1|0.9969|6904.9
95372|52|1|0|1|1.1195|5828.75
95396|68|1|0|0|1.45|4936.79
95476|17|2|0|1|4.07|23634.3
95476|59|2|0|1|2.0438|12199.25
95476|68|1|0|0|2.71|5829.51
95476|81|2|0|1|1.9108|21184.39
95601|87|1|0|0|1.19|3032.58
95661|59|1|0|1|0.61|2498.33
95678|17|1|0|1|9.52|69630.3
95678|52|2|0|1|4.02|37879.53
95678|59|1|0|1|20.82|69537.54
95678|94|2|0|0|9.7353|55669.33
95961|17|1|0|1|0.4055|1833.17
95974|81|2|0|1|0.3746|1608.52
96004|17|1|0|1|0.8502|2141.14
96038|17|1|0|1|0.31|2461.81
96379|87|1|0|0|0.6912|3799.92
96414|17|1|0|1|0.3349|1871.93
96832|59|2|0|1|0.4201|3681.12
96847|17|1|0|1|2.06|2179.15
96975|23|2|0|1|2.022|9276.23
97172|59|2|0|1|2.6984|11931.66
97437|38|2|0|0|3.53|20280.37
97437|59|1|0|1|0.7793|4075.94
97574|59|2|0|1|2.72|8780.17
97661|68|1|0|0|3.52|8204.29
97695|52|1|0|1|0.4164|1957.64
97861|59|1|0|1|1.75|2875.38
97942|68|1|0|0|2.58|3538.66
97942|81|1|0|1|0.1925|835.48
97945|59|1|0|1|0.406|1896.26
98118|17|2|0|1|0.83|4093.9
98118|52|2|0|1|2.18|10512.14
98118|59|2|0|1|0.88|3580.42
98140|26|2|0|1|3.56095|24798.23
98140|59|2|0|1|4.59|17569.64
98248|87|1|0|0|0.5191|3317.59
98265|32|2|0|1|1.41|14471.11
98346|40|2|0|1|0.649|2944.32
98490|59|1|0|1|0.41|3235.09
98571|17|1|0|1|0.2463|353.78
98646|9|2|0|0|3.23|13347.08
98747|9|2|0|0|3.32|13260.12
98747|59|2|0|1|2.1089|9400.78
98814|32|2|0|1|3.3267|17927.71
98814|40|2|0|1|2.7724|13846.06
98825|94|2|0|0|2.4491|13515.29
98871|52|2|0|1|0.2429|1707.61
98995|17|1|0|1|0.344|1839.31
98995|68|1|0|0|0.5746|2890.93
99108|52|2|0|1|1.611|6946.0
99146|17|2|0|1|0.8314|3724.99
99282|59|2|0|1|1.6244|8555.25
99377|52|2|0|1|0.65|1642.79
99693|81|1|0|1|6.3397|19891.73
99793|52|2|0|1|0.1326|591.76
99793|87|2|0|0|0.0189|130.29
